
6.01 >>
[1354.862355, 1173.3452180612105, 921.6085343783033, '2.625824%', 20, [(142, 14.891114347948724), (284, 29.782228695897594), (375, 39.398185309298086), (512, 53.690676330326816), (568, 59.564457391795095), (619, 64.90886259941715), (710, 74.45557173974385), (751, 78.79637061859641), (790, 82.9102157893361), (863, 90.57911239008887), (931, 97.64756689502556), (994, 104.23780043564139), (1024, 107.38135266065372), (1109, 116.30332100995581), (1136, 119.12891478359019), (1162, 121.88902410425209), (1213, 127.22973676082592), (1238, 129.81772519883452), (1262, 132.3551194150464), (1354, 142.05217729290666)]]
7.34 >>
[1109.275439, 960.6607099681355, 922.0133148637432, '3.993006%', 14, [(142, 18.18238676579377), (284, 36.364773531587716), (375, 48.10607362388234), (512, 65.5575277943875), (568, 72.72954706317533), (619, 79.2551864644665), (710, 90.91193382896918), (751, 96.21214724776496), (790, 101.2352450657792), (863, 110.59914093036078), (931, 119.22988344177533), (994, 127.27670736055674), (1024, 131.1150555887751), (1109, 142.00898034475065)]]
9.43 >>
[863.9236077, 748.1797911973016, 923.6182241871231, '6.249932%', 10, [(142, 23.349267159287187), (284, 46.69853431857459), (375, 61.776354199081474), (512, 84.18697998731764), (568, 93.39706863714909), (619, 101.77709595306601), (710, 116.74633579643636), (751, 123.55270839816335), (790, 130.0032175876771), (863, 142.0280473864351)]]
13.17 >>
[619.0864237, 536.1445700622565, 920.4051594509447, '11.072338%', 6, [(142, 32.57475137773156), (284, 65.14950275546342), (375, 86.18469116523636), (512, 117.44993637790274), (568, 130.29900551092666), (619, 141.99004936649436)]]
15.18 >>
[931.3409687, 806.5649384794077, 921.1417326092053, '5.540599%', 11, [(142, 37.5191229125577), (284, 75.03824582511577), (375, 99.26626863589308), (512, 135.2771214716631), (568, 150.07649165023133), (619, 163.5420652261207), (710, 187.59561456278917), (751, 198.53253727178677), (790, 208.89763547717908), (863, 228.21991502215982), (931, 246.02934198482856)]]
16.43 >>
[994.1971635, 860.9999999614312, 918.4122052974079, '4.735013%', 12, [(142, 40.588255894576754), (284, 81.17651178915389), (375, 107.38643124690158), (512, 146.34303780955048), (568, 162.35302357830759), (619, 176.92010573902942), (710, 202.9412794728845), (751, 214.7728624938038), (790, 225.98584471925102), (863, 246.88872212568782), (931, 266.1549928373263), (994, 284.11779126203817)]]
17.9 >>
[790.7793624, 684.8350166268609, 919.6298233695668, '7.111935%', 9, [(142, 44.19134949159093), (284, 88.38269898318228), (375, 116.91932085509025), (512, 159.33417652388113), (568, 176.76539796636433), (619, 192.62562661253267), (710, 220.95674745795543), (751, 233.83864171018126), (790, 246.04702084464762)]]
21.79 >>
[375.771207, 325.4274112727409, 921.8594351735934, '24.952123%', 3, [(142, 53.68941643936107), (284, 107.37883287872265), (375, 142.04884393473233)]]
24.43 >>
[1162.550644, 1006.7983908899591, 919.0303586713222, '3.553650%', 16, [(142, 60.10083086649202), (284, 120.20166173298463), (375, 159.0118520610925), (512, 216.6966273871266), (568, 240.40332346596895), (619, 261.97344816986913), (710, 300.50415433246116), (751, 318.023704122186), (790, 334.62726427493027), (863, 365.57908203448903), (931, 394.10750366649484), (994, 420.70581606544545), (1024, 433.3932547742533), (1109, 469.40249479674134), (1136, 480.8066469319377), (1162, 491.94650252487935)]]
27.8 >>
[512.0898359, 443.4828069092045, 920.4543908208938, '16.609395%', 4, [(142, 68.23829669564316), (284, 136.47659339128697), (375, 180.54156294731243), (512, 246.03667768646716)]]